2.024275756367464041e+00 8.377916904985126223e+01
2.183322946530315889e+00 6.919008570100366740e-01
3.117741610490607052e+00 6.474761018018341474e+01
3.350187371101499778e+00 8.193630960278426301e+01
4.396264078943071141e+00 8.586658616013777134e+01
4.856033707346727901e+00 1.106206750404836896e+02
5.339268106571449124e+00 1.043430943564100488e+01
5.550468826363569086e+00 3.357063939590626234e+01
5.633243984377537927e+00 1.175005692308326104e+02
5.680470211869470987e+00 6.854421436574382653e+01
5.843160311705243082e+00 9.356837663445553233e+01
6.004063033892398593e+00 1.937536106498188104e+01
6.111278271076868052e+00 -1.064666460550374438e+01
6.161873162493509248e+00 1.091651283954036700e+01
6.871812772269937142e+00 1.358772402563963624e+02
7.616375556655508916e+00 8.780822952301434725e+01
7.623714712069872945e+00 8.251452203151288245e+01
7.881151953669551347e+00 1.141300201060870450e+02
7.997934474367875524e+00 5.757276964137549413e+01
8.401287345062081968e+00 9.552933951526239298e+01
9.321384338048909868e+00 1.250189412569892369e+02
9.493896876111689309e+00 1.487996769579392264e+02
9.823096909380961250e+00 3.859991372489531614e+01
1.003210044870891693e+01 1.144887434483822943e+02
1.011265955897663993e+01 4.099534133889345355e+01
1.039069640686513374e+01 1.118098065099997882e+02
1.062892898049103074e+01 1.852499910740220912e+02
1.108965530885548745e+01 8.376858519593055519e+01
1.195602386092844682e+01 2.245856505692990197e+02
1.207112786812717609e+01 1.661631096876195954e+02
1.211558792588801481e+01 1.792876426562792176e+02
1.212379842520800821e+01 1.353225961880633577e+02
1.217617402310774466e+01 1.187882344723721957e+02
1.430284042066170436e+01 1.043782003417750417e+02
1.449637876433892103e+01 2.102116141116328549e+02
1.529575588385641538e+01 1.851046450264763052e+02
1.546126568013964331e+01 2.248978077751295359e+02
1.573091727189776279e+01 2.205553208023309253e+02
1.588873567554188426e+01 7.846216840777553614e+01
1.605708802846438843e+01 2.667119046326016587e+02
1.615190856245979134e+01 1.226530769672858696e+02
1.617281674712673478e+01 1.393404828061793523e+02
1.695113067777484162e+01 1.373123210440600417e+02
1.714008052799196946e+01 1.396546262989398883e+02
1.714573787114234094e+01 2.586625607476747746e+02
1.726748743235834382e+01 2.066103302881172965e+02
1.734473317973202455e+01 2.008913990962207095e+02
1.737853506388185210e+01 2.902418345362306127e+02
1.757155029384527012e+01 2.436739692667042902e+02
1.779292606433345725e+01 2.100354502919079493e+02
1.839453222311306391e+01 1.583622191660665521e+02
1.851008252631155315e+01 1.421360888862409411e+02
1.853423110702973275e+01 1.947237651681586499e+02
1.869306372813398553e+01 1.521589832219355003e+02
1.950817282319688317e+01 2.761892106473248987e+02
1.992542627036416647e+01 2.975419195473140235e+02
2.002759737318639210e+01 2.476466588033705989e+02
2.011007425257833248e+01 3.188460150839553080e+02
2.031572787130454572e+01 2.197944275633231257e+02
2.043855299382741464e+01 2.714408979736570018e+02
2.115070149687903367e+01 2.182542569048795826e+02
2.148239294819437717e+01 2.285354384540963224e+02
2.160764567965683369e+01 2.469145558385871198e+02
2.192602790629401355e+01 2.842516680148718820e+02
2.244382750761804246e+01 3.598497624753006221e+02
2.297353022435847336e+01 2.707310063160025493e+02
2.312196621554964082e+01 2.271231336567712447e+02
2.314405395849790281e+01 2.692517897666779163e+02
2.317777637928385559e+01 2.714914982055540236e+02
2.331977685222992491e+01 2.405250239948306898e+02
2.348069470308066897e+01 3.124199676169159829e+02
2.417444146249484760e+01 2.266167278214276166e+02
2.431843539374037633e+01 3.056876281924613750e+02
2.466057738687203482e+01 3.169815435995507187e+02
2.480137851529274329e+01 2.798615756563143009e+02
2.511353405235395186e+01 3.351214178901365699e+02
2.519746800643671492e+01 2.780293097075224864e+02
2.542803936449004709e+01 2.951333347655448733e+02
2.573847270600245096e+01 2.513860171365326437e+02
2.577405604699586661e+01 2.762535785088027751e+02
2.606115315713854841e+01 3.629161214561963789e+02
2.622578676768069172e+01 3.741513013831267926e+02
2.722472915155350393e+01 3.778608677165544236e+02
2.740712743851544531e+01 3.591939662271807947e+02
2.788018204817661783e+01 3.830985042702237706e+02
2.796009376915346323e+01 3.470852727911655506e+02
2.962249595079276432e+01 3.164167413252038159e+02
2.962300430028628995e+01 3.276560540637226495e+02
2.974284401379665255e+01 3.589291127926881586e+02
2.995722890511359537e+01 4.303138389136384490e+02
3.024530967124941583e+01 3.838256085002778377e+02
3.072425962018765944e+01 3.222407439321742117e+02
3.090465599302165245e+01 4.110110715249188615e+02
3.121721629104452234e+01 4.206513649342331291e+02
3.137395413685791823e+01 3.416453564365708075e+02
3.175612451271299363e+01 3.108380058123926801e+02
3.209008595139019349e+01 3.707553344527510717e+02
3.228392212158446739e+01 3.397217472639491689e+02
3.246078813009707176e+01 3.577982981151665740e+02
3.281352002104827648e+01 4.557916516134260405e+02
3.295464670376674121e+01 3.782299371417838643e+02
3.333912180300098527e+01 3.132001359724940812e+02
3.369870619580211013e+01 4.375245606444416353e+02
3.380800552083425004e+01 4.193093136877724874e+02
3.393742820300213481e+01 4.699381414301728910e+02
3.423402984624934220e+01 3.978879820432318866e+02
3.426747226631468379e+01 3.567754659024936359e+02
3.467640635450986508e+01 4.322935765320425503e+02
3.483326135313566141e+01 3.920373508434556697e+02
3.511875827751971713e+01 4.324323211046765323e+02
3.569442489273668428e+01 4.007170941734851226e+02
3.643357517655340416e+01 4.718977861786428889e+02
3.664746308017041088e+01 3.474231466695022732e+02
3.671496353510374178e+01 4.559151996414357768e+02
3.694703202889462545e+01 4.939060681560910098e+02
3.709369647199519449e+01 4.489549559699616452e+02
3.811220798226882067e+01 4.646228941761840474e+02
3.819091909438242283e+01 4.477687808053242975e+02
3.902375360938296467e+01 5.070413145987619146e+02
3.952729321645132643e+01 4.484738816422544687e+02
3.964647242950067607e+01 4.066084769252684055e+02
3.968703178300811629e+01 4.939197382483316687e+02
3.981442699353001302e+01 4.272097571454740432e+02
4.004993284936766429e+01 4.101006008445759790e+02
4.107333196946535736e+01 5.205279616342638747e+02
4.133477163157247247e+01 5.027211745673675978e+02
4.136404330014060804e+01 4.700074621154709575e+02
4.157870801878745937e+01 4.447537711323511189e+02
4.164634655693766518e+01 5.282250070094505645e+02
4.211151592330138271e+01 5.242265183377672884e+02
4.214934996616479168e+01 4.978440485206669450e+02
4.226397125649394582e+01 4.989680719082936662e+02
4.232349719380002995e+01 4.935647233076087446e+02
4.234412844306926615e+01 4.595978676545959161e+02
4.244002244645702859e+01 5.876425550556932649e+02
4.269134674896343995e+01 5.242125328045178776e+02
4.341963655470822658e+01 4.917238047630211213e+02
4.367317386541393631e+01 5.419503537819898611e+02
4.396088004052228371e+01 5.346837028859239354e+02
4.414880005633875015e+01 5.287304742481823041e+02
4.426677931085772144e+01 5.879748547091242017e+02
4.535334984795284186e+01 5.392642421899809051e+02
4.545129864686061438e+01 4.957099647538681211e+02
4.553251751049024421e+01 4.853541657899517077e+02
4.581668446155661911e+01 4.320179278907132243e+02
4.615738442374824757e+01 5.253135399602490452e+02
4.661307872931865148e+01 5.546221958223696902e+02
4.663613685955347421e+01 5.691184880602179419e+02
4.668384789983888794e+01 5.810667897294199520e+02
4.679263677150486700e+01 5.466196308751494826e+02
4.705506300417059151e+01 6.671201476213791466e+02
4.781761666559897606e+01 6.048940755596529470e+02
4.787411268155231170e+01 5.858901800584128523e+02
4.837305232727310056e+01 6.164640102219984783e+02
4.840884187705475483e+01 5.935841259349836037e+02
4.843465319779139833e+01 6.142320119127437010e+02
4.885547284736225038e+01 6.073088912211281922e+02
4.898712235563490225e+01 5.814116779085732105e+02
4.933016153736140552e+01 6.260110292933599112e+02
4.956530487687400921e+01 5.426631563466183934e+02
4.985314987423631550e+01 5.972856391781947423e+02
5.094155771078214912e+01 6.502983188722432715e+02
5.126658497529255243e+01 6.707102029898729825e+02
5.142249585302269566e+01 6.435592962926913287e+02
5.213465339994104397e+01 5.578556956085844831e+02
5.221574895405539252e+01 5.931643123163773907e+02
5.232388053069598044e+01 6.265028700774801109e+02
5.233818118581967838e+01 6.103009709044024476e+02
5.303543558995036733e+01 5.523620528521004189e+02
5.321726363671533022e+01 6.666200149730630073e+02
5.335650479298965365e+01 6.810625992733544081e+02
5.463926229636520304e+01 7.294635744532538411e+02
5.474538719304158718e+01 6.042280084298294014e+02
5.555727474208647720e+01 6.635021155127914199e+02
5.558479452643796748e+01 6.728629854826741621e+02
5.581365348440421315e+01 6.001397356070885962e+02
5.586152554848872143e+01 6.745024905082559599e+02
5.640778089565228726e+01 7.051267402409562237e+02
5.656887402355652483e+01 8.251405271834107680e+02
5.772930438756575455e+01 6.476042680120750674e+02
5.798282711831774350e+01 6.831245443481038819e+02
5.862192682038700298e+01 6.526185563959286355e+02
5.868731790290880923e+01 7.553827956642790014e+02
5.897344716977779200e+01 8.384185166281117745e+02
5.956484950415624269e+01 7.452346501500871909e+02
5.977219128140508531e+01 7.380950374576577815e+02
5.987165051518918091e+01 6.972054569956379737e+02
5.994882887461010057e+01 7.348835851169308171e+02
6.002545022491467819e+01 7.615076145333875957e+02
6.018613819349165084e+01 7.395389726054930861e+02
6.058278681381277408e+01 7.418496059976524748e+02
6.074389016637275063e+01 6.282554879153645970e+02
6.123063941551545497e+01 7.106218044556820814e+02
6.130028881711672284e+01 8.438298778496468913e+02
6.221849447333701022e+01 7.763026911275738939e+02
6.222665190396562451e+01 8.184821457835899992e+02
6.234403080332382530e+01 7.470461420584008465e+02
6.265748536178996630e+01 8.772893484582998553e+02
6.280548071841265312e+01 7.916346860900086995e+02
6.280731750675445824e+01 7.358329359865466586e+02
6.284384501980858317e+01 7.858064711977626757e+02
6.346880936560610564e+01 7.067566830871762704e+02
6.394562343126683857e+01 7.013770351088376174e+02
6.399796790588800377e+01 7.721691774480385675e+02
6.440480536745509710e+01 7.440483910932703111e+02
6.462217844362709229e+01 8.115632881039148288e+02
6.515614987653719936e+01 7.638834830543158887e+02
6.519501821308696776e+01 7.679087144248753702e+02
6.519712737594224450e+01 8.204333322239900781e+02
6.543169943919052400e+01 7.194611244688226179e+02
6.555620998775445685e+01 8.212654849664127141e+02
6.611732006724342625e+01 8.151056351136185185e+02
6.624129819979243905e+01 7.836435239541621058e+02
6.627604379464017370e+01 8.566630678819309423e+02
6.651778287285277713e+01 8.490960426697261028e+02
6.666549302846907210e+01 8.252934117759120909e+02
6.696138517006207280e+01 8.021203979526744661e+02
6.738072839163376671e+01 7.932233470438224003e+02
6.752980379738477268e+01 9.151209951897094470e+02
6.782543548063975436e+01 7.752473539100641347e+02
6.823666494575194008e+01 8.687659796305551936e+02
6.900771746289146336e+01 7.829815342281746098e+02
6.945983132123151904e+01 8.953445920433211995e+02
6.966410566126944559e+01 9.315610956899661232e+02
6.966496928630728291e+01 8.826144189997977492e+02
7.070692775175166389e+01 9.342691262363933902e+02
7.108301744660532506e+01 8.448847024890719695e+02
7.174812986976962748e+01 8.716556169229813804e+02
7.208743403925561211e+01 8.923824414152220470e+02
7.226965643638048675e+01 8.710369548553425147e+02
7.227580916993942139e+01 8.359314989491793995e+02
7.301403281596371642e+01 8.343169816173140134e+02
7.322531498987649456e+01 1.034331744784924240e+03
7.354561935661629946e+01 8.636261836020244118e+02
7.374873139895598229e+01 8.053051603870924282e+02
7.377824054818265154e+01 9.268204300835380991e+02
7.381305517365774449e+01 8.631757602423059552e+02
7.385505527740731679e+01 8.314451804504872143e+02
7.387446921539478240e+01 8.695341679832027921e+02
7.422915664917888989e+01 8.130730631556505159e+02
7.455166537325402487e+01 8.954895719800017559e+02
7.460845234509777413e+01 8.334729004636643594e+02
7.503084808161952424e+01 8.492343392451516593e+02
7.566387192048617294e+01 8.889927661245864101e+02
7.573650997124440210e+01 9.291970967668124786e+02
7.588943027083479365e+01 8.955779239599484072e+02
7.616879118642566482e+01 9.294631033611722160e+02
7.646214959304126069e+01 9.474999120733804148e+02
7.649416427271863483e+01 8.997565797950152273e+02
7.669703938474813754e+01 9.092226302560309250e+02
7.671021230578125483e+01 8.840169531074118368e+02
7.804339536125615950e+01 1.024852381851707605e+03
7.915726271676473402e+01 9.824802198338400103e+02
7.944982084170285930e+01 9.618663603707675520e+02
7.958025828073591867e+01 8.871594640477842404e+02
8.001420100148358472e+01 1.005901191922364887e+03
8.013043085081424977e+01 1.025462923087624631e+03
8.033607667739529745e+01 9.539106060779349718e+02
8.073552539272976958e+01 1.042306031088036434e+03
8.074689584035559164e+01 9.929276352874543363e+02
8.076543054337301442e+01 9.587039826887761365e+02
8.102193986941995263e+01 8.892469687781717766e+02
8.135308887020998725e+01 9.112098696762329837e+02
8.153961198030886237e+01 9.926578477759350108e+02
8.208717204699759407e+01 9.469532856508682244e+02
8.285318097339184362e+01 9.476500761623422022e+02
8.296796896307640168e+01 9.979502273073501328e+02
8.317048433317894762e+01 9.722277853049139367e+02
8.342078601985565456e+01 1.060464104435610352e+03
8.380498354359647806e+01 1.051456507886973895e+03
8.461803931031344916e+01 9.991280413751682090e+02
8.466272155531397914e+01 1.077329143017730075e+03
8.474858106756489917e+01 1.017964391942487168e+03
8.539230006217727009e+01 1.010681420475826371e+03
8.598915143587429100e+01 1.034599994239689977e+03
8.621324545290890740e+01 1.029915930484004093e+03
8.637521813857938469e+01 1.168059223073223393e+03
8.645151860098683017e+01 9.754401080772322530e+02
8.655276238063001415e+01 1.078371655910824984e+03
8.679317691728579121e+01 1.018072118691717151e+03
8.794941731302994015e+01 1.066415137212394711e+03
8.855133818421606406e+01 1.028913569196263552e+03
8.869333440828506809e+01 1.118150493983095657e+03
8.896185892053739508e+01 9.436582297264072849e+02
8.901717773515237297e+01 1.045623402684377652e+03
8.906197366493219647e+01 1.100421849421571551e+03
8.925445275538655210e+01 1.093961735786148893e+03
8.943412119154433526e+01 1.057236517975759170e+03
8.972530971121825871e+01 1.104832846412331719e+03
8.987102343603491761e+01 9.888393740818208926e+02
9.031765978561409725e+01 1.118745787600154927e+03
9.040490098437825850e+01 1.044233135307257726e+03
9.062433540258815867e+01 1.112124789784683571e+03
9.106965188296918257e+01 1.074829790764273639e+03
9.117719250492881145e+01 1.101533101265951700e+03
9.149561015193019387e+01 1.065693390659338547e+03
9.166418455129738163e+01 1.061673192275911561e+03
9.218040287046827075e+01 1.111414186308012404e+03
9.227893503453296375e+01 1.133265932698684310e+03
9.243221791859390635e+01 1.073689699141720894e+03
9.273155675408222010e+01 1.161088321797202752e+03
9.274437301671903811e+01 1.145398112919986943e+03
9.347947637233767182e+01 1.130422133851248645e+03
9.360344538684064730e+01 1.108322870653192922e+03
9.368534295537259027e+01 1.132670228281727759e+03
9.399637181500274608e+01 1.103584007977680812e+03
9.434582488906370656e+01 1.092875776300111283e+03
9.500328651744543151e+01 1.159101597579149939e+03
9.514731835914628277e+01 1.124561130397987654e+03
9.528937570462350948e+01 1.084674148517275626e+03
9.623574210515543825e+01 1.145766129562399556e+03
9.651607727414759097e+01 1.167638733818135734e+03
9.706798383445341472e+01 1.216631247592343698e+03
9.718980017887679423e+01 1.245285618630042563e+03
9.730591203019442048e+01 1.204238445052271572e+03
9.739957552677321928e+01 1.191059642469347864e+03
9.870312917924746898e+01 1.218190161971696625e+03
9.899385650883414201e+01 1.099733484322040567e+03
9.915935389956898405e+01 1.248665927670169140e+03
9.926619499025046878e+01 1.091894016382531618e+03
9.966461645884423604e+01 1.182440324090616059e+03
9.972597153093953182e+01 1.224668161948684201e+03
9.988865156377868004e+01 1.209644745881493463e+03
1.000407021033366561e+02 1.186223841558758977e+03
1.002954529832572632e+02 1.159739570988826472e+03
1.003262160285343896e+02 1.204061523500813337e+03
1.004722086750626460e+02 1.178802482225233234e+03
1.005708246519903923e+02 1.210437354737272926e+03
1.008972743427839589e+02 1.232176008461427045e+03
1.011447651002953307e+02 1.288821832670042340e+03
1.018677245926818955e+02 1.225926993192945702e+03
1.024242903009481154e+02 1.218773468366676070e+03
1.029021011009436108e+02 1.341358670510540833e+03
1.029337744559525163e+02 1.207792308692394954e+03
1.030011600216998744e+02 1.201671055733717367e+03
1.031528802665971085e+02 1.243882594988446272e+03
1.034072198752931229e+02 1.307473529679767125e+03
1.037085242743593057e+02 1.293398877662513769e+03
1.039911686571089717e+02 1.170061034984479647e+03
1.040733544419164218e+02 1.202154871342903789e+03
1.041849227634110235e+02 1.316657515545825845e+03
1.057501394944329434e+02 1.247310372953167644e+03
1.057950900219244375e+02 1.227164515010732202e+03
1.058107723770500428e+02 1.249125755490705615e+03
1.058424577628326233e+02 1.312972999498124864e+03
1.062861037356562264e+02 1.328774502042434960e+03
1.068465634967297575e+02 1.291954659949660027e+03
1.070039583851000629e+02 1.280695745807433241e+03
1.071374706411406521e+02 1.263651346684044029e+03
1.076229176190917656e+02 1.274290883293639354e+03
1.076899405637262532e+02 1.313872026361485268e+03
1.079496351383755126e+02 1.290139786583529258e+03
1.083945011000724890e+02 1.343762885032675058e+03
1.085901808063023282e+02 1.323741710719542198e+03
1.087975144230410365e+02 1.284971858847920203e+03
1.088568173007583653e+02 1.359592793534080329e+03
1.095508026401020061e+02 1.398316556728751266e+03
1.098691412014057960e+02 1.232578214338746193e+03
1.099891619639090266e+02 1.350222869795817815e+03
1.102022209154723242e+02 1.222123857943769281e+03
1.104383433429431278e+02 1.361320657103141912e+03
1.106796110687813552e+02 1.353627524524054479e+03
1.108846007242787977e+02 1.371667315051152400e+03
1.113991542505791017e+02 1.354882524969582619e+03
1.115320682472019200e+02 1.324130561261996718e+03
1.115636210309253187e+02 1.265130165891626802e+03
1.120026553853210345e+02 1.251006310658373422e+03
1.123292253370067328e+02 1.306376286708207999e+03
1.127192080677112926e+02 1.314917123874845856e+03
1.128338385400839883e+02 1.361682251780348906e+03
1.130328518889368610e+02 1.337023866546986255e+03
1.133022981727447558e+02 1.435954944136330141e+03
1.141711310502679737e+02 1.405080888465123962e+03
1.143141879670324528e+02 1.316533097742650398e+03
1.144334269558231654e+02 1.378823706181581429e+03
1.153302039631059017e+02 1.393488854720971631e+03
1.156156838091821584e+02 1.425821398899620362e+03
1.156957731144091213e+02 1.394820281861228978e+03
1.167749152703544695e+02 1.387553645275319013e+03
1.172214185709123768e+02 1.379077714457112506e+03
1.172443433611514649e+02 1.355713268295226953e+03
1.176004512938991837e+02 1.347554278360288208e+03
1.176581685321506257e+02 1.470392599894747036e+03
1.179501059244782653e+02 1.447866586518696067e+03
1.184093754647441870e+02 1.434033241392016407e+03
1.188953429736766338e+02 1.415814180148518517e+03
1.190334577325334209e+02 1.437479408308908205e+03
1.190653625985133601e+02 1.416827060506366479e+03
1.193967147297994131e+02 1.450504514886622474e+03
1.208852713876925264e+02 1.490464972461200432e+03
